32 32 32
1314413823 1415208959 1515937535 1616864255 1700816383 1784701951 1851876607 1936355327 2020636671 2088140799 2138933247 2189528063 2240056575 2273675775 2307163135 2340584191 2340385023 2356897279 2356565759 2356102911 2440255487 2541383679 2608957183 2676398847 2743708415 2794108671 2844442623 2894711039 2928136191 2944718079 2961365759 2977881599 
1314479871 1313688575 1431457535 1549227007 1650152703 1751078911 1835294207 1919772927 1987276799 2054714623 2122020607 2172680959 2223209471 2256828927 2290316287 2307026431 2323670527 2340182527 2339851007 2373274367 2474204159 2558488831 2626062335 2710280959 2760813311 2827991039 2878391295 2911948543 2945439231 2961955071 2978404607 2994854143 
1348430847 1364811263 1431851263 1515867135 1616726783 1717785343 1802000127 1886281215 1970562303 2037999871 2088528383 2138924799 2189453311 2223072767 2256626431 2290179839 2290112255 2306624255 2306293247 2390379263 2474531839 2558684671 2643035391 2710476799 2777786367 2828318719 2878785023 2929119487 2962544639 2979126015 2995575551 3011893247 
1399815935 1416131071 1449419007 1516459519 1600343295 1684425471 1768574463 1852722943 1920227071 1987664639 2054904831 2105301247 2155631359 2189316863 2239846143 2273531647 2307085311 2323664383 2340308735 2424262655 2491439103 2575525887 2643099391 2727318015 2777982207 2845292287 2895758591 2929315583 2962806271 2979322367 3012549119 3012353535 
1434291967 1467384319 1466855679 1516985599 1600869375 1684819199 1752058111 1802388223 1903446527 1987728127 2055100671 2122406655 2172803583 2239977983 2273795583 2307415551 2340969215 2357613823 2374192127 2441434623 2508544767 2575523583 2643031295 2710604543 2778046463 2845422079 2879111167 2929445375 2962936063 2979452159 2996165631 3012813823 
1485413375 1501728255 1517977087 1534355711 1601263359 1668238591 1735543295 1836535807 1920751615 2005032703 2089116415 2156356351 2206819583 2257480447 2307943679 2341563135 2375051007 2391629311 2408076031 2475252223 2542296575 2592497663 2642962943 2710602495 2778044415 2828642559 2879108863 2912666111 2946156799 2979714047 2996494079 2996430591 
1536402687 1536005887 1535477503 1551593983 1584814591 1651723263 1769493247 1853906431 1955031295 2039246847 2106618879 2173793279 2224190207 2274851071 2325314303 2358933759 2392356095 2408934399 2425446399 2492557055 2559601407 2609801983 2659936767 2693691135 2761198591 2811796991 2862197759 2895820287 2929509375 2963198719 2979978751 2979915263 
1637657087 1637260543 1619889151 1619228671 1618698239 1685739007 1770020351 1871277311 1955624703 2039840511 2123989503 2191164159 2241494783 2292089599 2342552831 2376172543 2409660159 2426238719 2442751743 2509795327 2560062463 2610263039 2660266239 2693756159 2744287999 2794819583 2828442623 2879041023 2912862207 2929774335 2946554367 2963268095 
1705225215 1721540351 1704234495 1703574015 1669227007 1753177087 1837590783 1922070271 1989640703 2057079039 2124451071 2191691007 2258733567 2309196287 2342882303 2376502015 2409989631 2443411967 2493743871 2527100927 2560391679 2627303935 2660595455 2710598911 2761131007 2811662591 2845483519 2879304447 2896281855 2913127423 2912998143 2929711615 
1789438719 1788976639 1788447999 1771010047 1753440511 1820483327 1905029119 1989508863 2057079039 2124583167 2191889407 2242352383 2275905791 2309393919 2343145471 2376765183 2427096575 2477494783 2527761151 2561183999 2594474751 2627633407 2677702143 2727771647 2778435839 2829033983 2862723071 2896411647 2913389055 2930234367 2930105087 2929975039 
1856742911 1856346367 1855752191 1838314239 1820810495 1871012607 1972401151 2040103423 2124451071 2191889407 2242484223 2292881407 2343212287 2376633855 2393608191 2427294463 2477824767 2511445759 2544934911 2595134975 2628425727 2661584383 2677900287 2744945151 2795675391 2829496319 2863250687 2896807679 2913586943 2930432255 2947145983 2930172927 
1923915263 1923518463 1922989823 1905552127 1904892159 1955226367 2022798335 2090500863 2174913791 2242352383 2292881407 2343344383 2393675007 2427162623 2460782847 2511444991 2561975295 2595596543 2629151231 2662508287 2679021823 2695403519 2694941439 2745340927 2796071167 2829892095 2863580927 2897203455 2913916671 2930498303 2947211775 2930238975 
1974243839 1973847039 1973253119 1955815167 1972130815 2022531071 2056351999 2140831487 2208401919 2275905791 2343212287 2393675007 2427294719 2477758463 2545131775 2595596031 2645993983 2679615231 2713169919 2746592511 2763106047 2762710527 2762182911 2779159295 2813112063 2846932991 2863844607 2897467135 2914180607 2930761983 2930434047 2930238463 
2024836607 2024440575 2007200767 2006606335 2022988543 2073124351 2123656447 2174318847 2241823487 2309327615 2376633855 2427162623 2477758463 2545263615 2612637183 2663101439 2713433599 2746922239 2780279295 2813702143 2830215679 2829819903 2846465791 2829754879 2863575551 2897396479 2914308095 2931153407 2931089663 2930893823 2913987071 2913857279 
2058718463 2058322431 2057859839 2040488191 2073779711 2123915519 2174447871 2208070911 2275575295 2342947583 2393476351 2460782847 2545131775 2612637183 2663233279 2730474751 2780807167 2814295551 2847652351 2880943359 2897655039 2897457663 2897391871 2897392895 2914303231 2931215103 2964771839 2964708095 2964643839 2964646399 2964648447 2947675903 
2092468479 2092137983 2091675391 2074303743 2107661823 2157732095 2208329983 2241953023 2292483583 2359856127 2427228415 2511445247 2595596031 2663101439 2730474751 2780939007 2831336703 2864759807 2898248447 2931803903 2948515327 2948317951 2964963583 2948187135 2948122111 2965033727 2998656255 2998592255 3015173631 2998398719 2998335231 2981428223 
2109374719 2108978687 2108516351 2091144447 2141346559 2191482367 2242080255 2275703295 2309194495 2376698879 2477824767 2562041343 2646126079 2713433599 2780807167 2831336703 2881669119 2915224063 2948976895 2982532095 2999243775 2999046399 2998848511 2998849535 2981940991 2998786047 3015631103 3032279039 3032082943 3032018943 3031955455 2998271231 
2159903231 2142662655 2125290495 2124762367 2174964735 2225166335 2275698431 2309321727 2342944767 2427163391 2511511807 2595728639 2679813119 2747054079 2814295551 2864759807 2915224063 2965820671 2999573247 3016351487 3033063167 3049642751 3049379071 3049379839 3032537087 3015629055 3049251583 3049122047 3065703423 3048730111 3048666623 3031759871 
2210497791 2193191679 2175819263 2141537791 2191739135 2241875455 2292407551 2342940159 2393539327 2460783871 2545067007 2629283583 2713433855 2780609279 2847916799 2898315007 2948976895 2999573247 3033260543 3050104319 3066815743 3083395583 3083066111 3083001087 3066158079 3049183487 3049185279 3065833215 3065637375 3065309439 3065311487 3048404735 
2260960255 2243654143 2226281727 2225819903 2242201855 2258518015 2309116927 2376625407 2444001791 2511246591 2578555647 2662772223 2746856959 2814296319 2881603839 2932067583 2982532095 3016351487 3050104319 3083659519 3100371199 3100173567 3099844095 3099778559 3082935807 3065895423 3065764607 3065700607 3082281983 3081954303 3065047295 3048140799 
2311290879 2293984767 2293655039 2326946047 2343262463 2359644415 2359513343 2426956031 2494332415 2544799743 2595135231 2679351807 2763634943 2831074303 2898447359 2948845567 2999243775 3033063167 3066815743 3100371199 3117082879 3116885247 3116555775 3116424191 3099515647 3082541055 3065434623 3065370623 3081952255 3081690111 3064651263 3064521727 
2345108479 2361490175 2394780927 2411162879 2427611391 2444323839 2444192511 2460773375 2528083967 2578485247 2628754431 2695997695 2763569151 2831008767 2898316031 2948714495 2999046399 3049642751 3083395583 3100173567 3116885247 3133464831 3133135359 3132937727 3116029439 3099054591 3065170687 3064974335 3064778751 3081294079 3064123391 3047282175 
2395836671 2445971199 2479196415 2495578111 2512224255 2528936703 2528739839 2528411135 2545058303 2595459583 2645729023 2695866367 2763371519 2847588351 2898118399 2965294079 2998848767 3049313279 3083066111 3099844095 3116555775 3133135359 3132805887 3132542207 3115633919 3098659071 3064775167 3064512511 3064316415 3063988991 3046817791 3080569855 
2480185855 2513543167 2546768383 2580125439 2596639743 2596574975 2613155327 2596114687 2595654143 2612367615 2662637055 2712774399 2763042047 2830481407 2897788927 2948187135 2998519039 3048917247 3082604543 3099448063 3116159743 3132739583 3132410111 3132014591 3115171839 3098131455 3081223679 3081093119 3080765183 3063593471 3080237567 3113856511 
2547691263 2580983039 2614471935 2647829503 2664277503 2664146687 2680727039 2663620863 2663225855 2629144063 2679347455 2712773119 2746001407 2813242623 2880550143 2947725823 2981280511 3031546623 3065299455 3082077439 3098789119 3115500543 3115303167 3114973951 3097800959 3097736447 3114449663 3114385151 3097412095 3131097599 3148005119 3181624063 
2598222079 2648554751 2682044159 2698624255 2715072511 2731520767 2731389439 2731060735 2713888255 2696583935 2679214335 2729417215 2762645503 2796003839 2863179519 2913643263 2963909631 3014307839 3048192767 3065102847 3081946623 3098658559 3098526719 3098197247 3098000383 3114515455 3131360767 3131362559 3165114367 3198930943 3215904767 3249589247 
2648818943 2699217663 2732706815 2749286911 2765735167 2782051583 2781919999 2781591295 2764418815 2747114495 2712900863 2746128639 2762578943 2795872511 2846204927 2896536831 2946802687 2980622079 3014507007 3031417087 3048260863 3064972799 3064840959 3081487615 3114911743 3131426559 3131494399 3182155519 3216104191 3249987071 3283737855 3300579583 
2699415295 2733036799 2766460415 2799817983 2816331519 2832647935 2832318719 2831990015 2814817535 2797513215 2763299583 2796592895 2813175807 2829757951 2863116543 2913382655 2946804991 2980689919 3014508799 3031352575 3031352831 3031221247 3064776447 3081489663 3114913791 3131428863 3182155519 3232947711 3266962687 3300845311 3334596351 3351503615 
2733102591 2783435519 2816924927 2833505023 2849953279 2866467583 2866138111 2865611263 2848306943 2831002623 2796788991 2830280703 2863706623 2880288767 2879896319 2930162431 2963651071 2997601791 3031354879 3048264191 3048264447 3048132863 3047869439 3081425407 3098072319 3165312255 3216104191 3266962687 3317754623 3351637503 3368611071 3385452799 
2766592255 2800213759 2833702911 2867060479 2883706623 2900220671 2899825919 2882587135 2881928447 2864425727 2830410239 2863967743 2880616447 2897133311 2913583615 2930033151 2980430847 3014315775 3031357183 3048201215 3064978687 3064847103 3064648959 3064452095 3131823871 3199129087 3249987071 3300845311 3351637503 3385520383 3402493951 3436112895 
2783304447 2833636863 2867126271 2883904511 2900550655 2917064959 2916669951 2916142847 2898772479 2881269759 2847122431 2880680191 2914106111 2930688511 2930296063 2946746111 2980301311 3014186239 3031162111 3048071679 3064849151 3064717567 3064453887 3081294335 3148731647 3216036863 3283737855 3334596351 3368611071 3402493951 3436244735 3453086463 
2800016383 2850151167 2867061247 2900616447 2917197311 2933776895 2933381887 2932855039 2915484415 2897981951 2863768575 2897326335 2930752255 2947334655 2947073791 2963458815 2963262463 2997147647 3030900735 3047810303 3047810559 3064455935 3081362687 3131823103 3182350079 3249721087 3300579583 3351503615 3385452799 3436112895 3453086463 3469993983 
1331388415 1448960767 1549953791 1634037759 1718055423 1801940991 1869115647 1936290047 1986754047 2037481215 2104919551 2138736895 2189264895 2222818303 2239528191 2256172287 2272815871 2272550655 2272153087 2305510143 2406439935 2490724607 2558298111 2642516735 2693049087 2760226815 2810627071 2844184319 2877675007 2894190847 2910640383 2927089919 
1280593151 1330531839 1431393023 1532386047 1616667903 1717725951 1801874943 1885957375 1953130751 2020568319 2071294975 2121889535 2155574783 2189128191 2222747135 2239457279 2256101119 2255835647 2255438079 2322746879 2423676671 2507829759 2592180223 2659621887 2726931455 2777398015 2827864575 2861487103 2894912255 2928271103 2944655103 2944195583 
1297964543 1297240319 1364414463 1482183679 1583373823 1684431871 1768580863 1852663295 1919771135 1987010303 2037472767 2088067327 2121752831 2155438079 2189123071 2222743039 2256296703 2272941311 2289520127 2356762367 2440716031 2524802815 2592376319 2676594943 2727193599 2794569215 2845035519 2878592511 2912083199 2928599295 2945048831 2961366527 
1332244991 1348625407 1364874239 1448758015 1549882111 1634162943 1718377471 1802394367 1869567743 1936609023 2004113407 2071551487 2138857983 2189386751 2239916031 2273601791 2290312703 2323734271 2340312831 2407555071 2457888255 2524932607 2609217279 2676725247 2744232703 2794830847 2845297151 2878854399 2912279551 2945638399 2962087935 2961694207 
1383498239 1399878655 1399350271 1432440575 1499546879 1600737023 1701795839 1802788351 1886871551 1970822911 2055038719 2105699839 2173071615 2223468799 2273865471 2307485695 2341039359 2357683711 2374196479 2441438719 2491771647 2558750207 2592503807 2676855039 2727585279 2794960639 2845426943 2878984191 2912409343 2945768191 2962283775 2962154751 
1417842175 1434222847 1450471423 1449810943 1516850943 1634819071 1735877887 1836870143 1920953599 2005103103 2072475135 2139781375 2207087871 2257550591 2291170303 2324790015 2358277631 2374856191 2391302655 2458413055 2525523455 2575790079 2626321407 2660075775 2727582975 2778181375 2828647679 2862204927 2895630079 2929054719 2945835007 2962548735 
1452119807 1468434943 1484683519 1484023039 1534089727 1651991807 1753116159 1854108671 1938390015 2022605823 2089977599 2157152255 2224260351 2274854911 2325318143 2358937855 2375582719 2408938495 2408673279 2475783423 2542827775 2592962815 2643229695 2677049599 2710737663 2761270015 2811736319 2845293567 2878784767 2912539647 2929319679 2946033407 
1553374463 1552912383 1552383743 1534945791 1568105471 1669097983 1770222591 1871413247 1955760895 2039976447 2107348479 2174522879 2241630975 2292093695 2325779711 2376176639 2392887039 2409465343 2425912063 2493021695 2543288831 2610201087 2643492607 2693826303 2727514111 2744292863 2777915903 2828381951 2862203135 2879115263 2895895295 2912609023 
1637654271 1637257727 1636729087 1619291135 1652517375 1736404223 1820949503 1905429247 1972999423 2040438015 2124587007 2191761663 2242092287 2292423167 2342886399 2376506111 2409993727 2426572031 2459928319 2493351167 2560395263 2610530303 2660599039 2693758975 2727447039 2761069055 2794692095 2811801599 2845490687 2845558783 2862338815 2879052543 
1705090559 1704693759 1704165119 1686727423 1736797439 1786999295 1888388095 1956090367 2040438015 2107876351 2158471167 2208933887 2259264767 2292686335 2343149567 2376769023 2393413887 2443679487 2494011391 2527368447 2560659199 2593950463 2644018943 2693890303 2727446015 2761266943 2811799295 2828908543 2845820415 2862665983 2879379455 2879183871 
1772460287 1771997951 1771469311 1770874879 1821010943 1871345151 1938982655 2023462399 2091032575 2158471167 2225777407 2276240383 2309793791 2343215615 2376835071 2393611775 2427231999 2460853247 2511185151 2561319423 2594610175 2610991871 2627307007 2677244415 2727908351 2778506495 2812260863 2845883647 2862861311 2879641087 2879577343 2879381759 
1839632383 1839235839 1838641663 1838113791 1905092607 1955558911 1989380095 2073859583 2141430015 2208933887 2276240383 2326703103 2360256767 2393678335 2427165695 2460852479 2511382783 2545003775 2578558463 2611981311 2628429311 2628099071 2644348671 2677573887 2728304127 2778902271 2812591103 2846213631 2862927103 2879772671 2879708927 2879513087 
1889960959 1889498879 1888970239 1905417727 1955620095 2006086399 2056750079 2107413247 2191760639 2259264767 2309793791 2360256767 2410587391 2444009215 2477629439 2544871167 2578624255 2629087999 2662577151 2679222783 2695736319 2712117759 2711590143 2711458815 2745279487 2762388735 2796077823 2829700095 2846348031 2862929407 2879642879 2862735615 
1940554495 1940223999 1939761407 1956275455 2023255039 2073390847 2107145727 2157612031 2225182463 2292686335 2343215615 2393678335 2444009215 2494538495 2545134847 2612376319 2662708479 2696197631 2729752319 2746397695 2762845695 2779358975 2779227903 2779294207 2796139263 2813116415 2829896191 2846609407 2846479871 2846547967 2863261695 2846354687 
1974436351 1974105855 1973643519 2007001343 2074046207 2124182015 2157937151 2208337407 2242090751 2309463295 2376769023 2427165951 2477629439 2545134847 2612508159 2662972415 2713304575 2763570431 2796993535 2813837311 2830483199 2847063039 2846931455 2846932223 2830089983 2863844351 2880624127 2897337343 2897141503 2897143807 2880368639 2863396095 
2008251903 2007921407 2024369407 2057660671 2107928319 2158064383 2208596479 2242219775 2275776511 2343148799 2393612031 2460918527 2545003263 2612376319 2662972415 2730213887 2780546047 2814101247 2847854079 2864632063 2898120959 2897923327 2897725695 2897726463 2880883711 2897662975 2914508287 2931221503 2931025663 2930896127 2914055423 2897148159 
2058912255 2058515455 2075028991 2091410687 2141613055 2191814399 2242346751 2275970047 2309526527 2343148031 2427298047 2511514879 2578822143 2662840319 2713304575 2780546047 2814233087 2864829695 2898582271 2915360511 2932072191 2948651775 2948388095 2948388863 2931546111 2931415295 2948260607 2964908287 2964712447 2964516351 2947675647 2930768895 
2126350335 2109109759 2108713727 2125095167 2175231231 2225432831 2275965183 2309588223 2326367743 2376702207 2460985343 2545201919 2629286399 2696527615 2763570943 2814101247 2864829695 2898714367 2932401663 2966022399 2982668543 2982470911 2998984191 2982141951 2965299199 2948324351 2965038079 2981751295 2981555455 2981227519 2964452607 2964323071 
2176944895 2159704319 2142332159 2158713599 2192005631 2242141951 2292674303 2326362879 2359986431 2427231231 2494605823 2578822399 2662907135 2730082559 2797191679 2847854079 2898582271 2932401663 2966088959 2999709695 3016421375 3016223743 3032671487 3015828735 2998920447 2981945599 2981749247 2998462463 2998266623 2998004479 2981031935 2980968191 
2227407359 2210167039 2192729087 2192200703 2208582655 2258784511 2292539647 2343072511 2410449151 2477693695 2528029183 2612245759 2679553023 2746794239 2814035711 2864632063 2915360511 2966022399 2999709695 3016553215 3033199359 3049778943 3049515007 3049317887 3032475135 3015434751 2981616639 2998264319 2998134271 2997806847 2997545215 2980703999 
2277737983 2260497407 2260035583 2276549631 2292931327 2309247487 2325960191 2393403135 2460779519 2511247103 2561647871 2628825087 2696132607 2763506175 2830813439 2898120959 2932072191 2982668543 3016421375 3033199359 3049911039 3066490623 3066161151 3065963519 3049120767 3032080383 2998196479 2998000127 3014647295 3014319871 2997214463 2980307967 
2311423487 2310961407 2344252415 2377543679 2393991679 2393926911 2410507263 2427154431 2494465023 2544866303 2595135487 2628561151 2712778239 2780217599 2847525119 2897923327 2948651775 2982470911 3016223743 3049778943 3066490623 3083070463 3082740991 3065699839 3065568767 3031816703 3014710015 2997604095 2997474047 2997146623 2996752639 3013727487 
2362085119 2395442431 2428667647 2462024703 2478539007 2478474239 2495054591 2478013951 2511439359 2561840639 2612175615 2662312959 2712515071 2779954431 2847327487 2897725695 2948322303 2998984191 3032671487 3049515007 3066161151 3082740991 3082477055 3082081535 3065238783 3048198399 3014314495 2980364287 2980168959 2996684031 3013395199 3063923455 
2429657087 2479791615 2513214975 2529795071 2546243327 2562889471 2562758143 2562429439 2545256959 2595525887 2629018111 2679155455 2712449023 2779624959 2846998015 2897396223 2947926271 2981745663 3015432703 3049053695 3065765375 3065567743 3082015487 3064776703 3047933951 3030959103 3013852415 2996813055 2996550655 3013261055 3046813951 3080498943 
2497096959 2547429631 2580919039 2597499135 2613947391 2630461183 2630264319 2630001151 2612763135 2595524863 2645794047 2679154175 2712447999 2762518015 2829759231 2880157439 2930555647 2964440575 2998127615 3031748607 3048394751 3064974335 3064710399 3047471615 3047340031 3013522431 3030301183 3030237439 3064054783 3097805823 3114713087 3131488511 
2564668671 2598224383 2631713791 2665071103 2681519359 2681123839 2697704191 2680598271 2663425791 2646121215 2645660927 2695798271 2729092095 2745411071 2812388607 2862852351 2913118719 2946937855 2980690687 3014377727 3031221503 3031155967 3047735807 3030629375 3013456383 3030433023 3047278591 3081162239 3115110911 3148861695 3182480639 3199256063 
2615331583 2648952831 2682376447 2715734015 2732247551 2731786751 2748234751 2731128831 2730733567 2696652031 2679215615 2695731711 2728893695 2745211903 2778636287 2829100799 2879498751 2929896703 2963716095 2980691967 2997535743 3014247423 3014050047 3013720831 3030366975 3047278591 3081294335 3132086271 3182746623 3216562943 3250182143 3266957311 
2649150719 2699483647 2732973055 2749553151 2766001407 2782383103 2781856255 2781592831 2764355071 2747050495 2712836863 2746130431 2779357951 2795874559 2795679743 2846012415 2879566847 2913121279 2946874367 2963783935 2963784191 2980429823 2980232447 2996945151 3030369279 3081162239 3132086271 3182878463 3233538559 3267355135 3300974079 3317749503 
2699549439 2733170943 2766660095 2800017663 2816465663 2816004863 2815477503 2815082239 2797910015 2780539903 2763103743 2796462847 2813111551 2829760255 2846342655 2862924287 2896478719 2929967359 2963720447 2980630015 2980630271 2997275903 2980235007 2996880895 3064187135 3115110911 3182746623 3233538559 3267421695 3301238015 3334922751 3351764479 
2716327679 2766726143 2800150015 2816730111 2833243903 2849560063 2849165055 2848703743 2831333119 2813963007 2779749375 2813307135 2846865151 2863579647 2880096511 2879769855 2913258751 2946747135 2963723007 2980632319 2997410047 2997278207 2997014527 3013789439 3098069503 3148861695 3216562943 3267355135 3301238015 3351766271 3368805631 3385647359 
2749750783 2783372287 2816861439 2850219007 2866667263 2866404095 2866009087 2865547775 2848111615 2830609151 2813239039 2846928895 2863775231 2880424191 2897006591 2896679935 2913129471 2946552063 2963593471 2980503039 2997214975 2997148671 3030767103 3064450303 3114977279 3182480639 3250182143 3300974079 3334922751 3368805631 3402556415 3419398399 
2766265087 2799886335 2833375743 2849955839 2883379199 2883116287 2882721279 2882259967 2864823807 2847321343 2830017023 2863707135 2880553471 2897202431 2913784831 2913457919 2912999423 2929579007 2963332095 2980241407 2996953343 3030769407 3081361663 3115044863 3131819007 3199520255 3267155199 3317815551 3351764479 3385647359 3419398399 3436503551 
1348693759 1466331647 1567060991 1651210495 1735162367 1819311871 1886552575 1953661439 2020836095 2054720255 2105183999 2138738431 2155449343 2188936959 2205712895 2222423039 2239066879 2238801407 2238404095 2254850815 2339003391 2439933439 2507506943 2574948351 2642257919 2692790271 2743256575 2793591039 2827016191 2843597567 2860047103 2876364799 
1297897983 1347837183 1448631807 1549757439 1634039039 1718189055 1785429759 1852538367 1919646207 1986819583 2037479935 2088008191 2121627903 2155313151 2188997887 2205708287 2222351871 2222086399 2221755903 2288998143 2372951807 2457038591 2524612095 2608830719 2659429375 2726804991 2777271295 2810828287 2844318975 2860835071 2877284607 2893602303 
1264143871 1280462847 1330599679 1448699135 1549889023 1650947327 1735161599 1819178751 1886352127 1953393407 2003987967 2054516223 2088135423 2121754623 2172283903 2205969407 2239457535 2256102143 2272680447 2339922943 2407033087 2457300223 2541585151 2609092863 2676600319 2727133183 2777599487 2827999231 2861424383 2878006015 2894390015 2910707711 
1281581311 1280922623 1314213375 1415272959 1516463103 1600743935 1684892927 1768975359 1836148735 1920034303 1987538431 2054976767 2122283007 2172745727 2223076863 2256762623 2273539071 2306960639 2323473407 2390715647 2441048575 2508027135 2541715199 2626131967 2676796671 2744172031 2794638335 2828195583 2861686271 2878202367 2894651903 2910969343 
1299083519 1315464191 1331647231 1364937727 1466194175 1584162303 1685286655 1786279167 1870296831 1954248191 2038529279 2105967615 2156496639 2206893823 2257224447 2290646527 2324200191 2340844543 2357357055 2424599039 2474932223 2525133311 2575664639 2626261759 2676926463 2744301823 2777990911 2828325375 2861816063 2878332159 2894781695 2911363583 
1350204927 1366585343 1366056703 1399215615 1500276223 1618309887 1719368703 1820360959 1904444415 1988395519 2055833855 2123272191 2190578431 2240975615 2274529023 2324662271 2341372415 2374728191 2374397439 2441573631 2508683775 2558884863 2609482239 2643302143 2676990207 2727522559 2777988863 2811546111 2845036799 2878329855 2895043839 2894980351 
1367705343 1400797439 1400268799 1450205439 1517514495 1635482623 1736606975 1837533951 1921617151 2005832447 2089981695 2140444671 2207750911 2258148095 2308478719 2342032639 2358743039 2392098815 2408545279 2458877951 2525922303 2576057343 2626456319 2660210687 2693898751 2710677503 2761077503 2794700287 2828125439 2861748479 2878528767 2878465023 
1452116991 1468497663 1451191807 1484417791 1551594751 1652588799 1753647871 1854640127 1938987519 2023203327 2090575103 2157749759 2224857599 2275188735 2308874495 2359271423 2375981823 2409337343 2409006847 2476050687 2526383359 2593295615 2626521599 2677052671 2693963519 2727519487 2744166399 2777657087 2811411967 2828324095 2845104127 2861817855 
1536462335 1552843007 1535471615 1585672447 1652651775 1703117823 1787399423 1871878655 1939449087 2023664639 2107813887 2174988287 2225319167 2275517951 2326046719 2359600895 2393088511 2409667071 2426113535 2476379903 2526647039 2593624831 2626850815 2676985599 2710673663 2727452415 2744099071 2744166655 2777855743 2794767615 2811613439 2828261631 
1620675839 1620279039 1619750399 1669952511 1736931327 1787265535 1854837503 1939317247 2006887423 2074326015 2124920575 2175383551 2225714175 2275913215 2326244351 2359863807 2376574463 2409929983 2443286783 2476709375 2526844159 2577044735 2627047935 2660207615 2693697279 2727253247 2744164351 2761208319 2794962943 2795031039 2811744511 2811548927 
1687980031 1687583231 1687055103 1754166015 1821079295 1871611135 1905432319 1989911807 2057482239 2124920575 2192227071 2242689791 2276243455 2309665023 2343152639 2359929599 2376639999 2410194175 2460460543 2510660351 2543951103 2577110015 2610401535 2660272639 2676919551 2710607359 2744362239 2778248959 2795160831 2812006143 2811942399 2811746815 
1755217663 1754755583 1771202815 1821470463 1888383743 1939047935 1989646079 2040309247 2107879423 2175383551 2242689791 2293152767 2326706175 2360127999 2393483519 2410260223 2443946495 2477567487 2511056639 2544479487 2560993023 2594151679 2610401279 2626717183 2660404991 2711003135 2744692223 2778314751 2795292159 2812072191 2812008447 2811812607 
1805480959 1822060031 1838508031 1888775167 1955754495 2006352383 2040173567 2090639871 2158210303 2225714175 2276243455 2326706175 2377037055 2410458623 2426971135 2477434879 2527965183 2561586175 2595140863 2611720959 2628234495 2644615935 2644153855 2644154623 2660999423 2694754047 2728310783 2761801471 2778580991 2795360255 2812007935 2795233279 
1873181695 1889761535 1906275071 1956410111 2006677759 2056813567 2107346175 2141101055 2191631871 2259135999 2309665023 2360127999 2410458623 2443880447 2494212095 2544676351 2595140095 2628761343 2662250495 2695673087 2712252927 2712055295 2711923711 2711924479 2711859455 2728836607 2745616383 2762329599 2762133759 2778913279 2795627007 2795497215 
1924039679 1957396735 1973910271 2007201279 2057403647 2107539455 2158071807 2191760383 2225251583 2275846655 2343152639 2393549567 2427037183 2494212095 2544808447 2612049919 2662447615 2696002559 2729689855 2746533375 2763245055 2779824895 2779561471 2779628031 2762719487 2779564543 2796344063 2813057535 2812861695 2812731903 2795956735 2779049727 
1991542783 2008122623 2024636159 2041017855 2108062975 2158198783 2191953919 2225642751 2259133695 2309532415 2360061183 2410392319 2477632767 2544808191 2612049919 2662579455 2713043711 2746863103 2780550143 2814171135 2830882815 2830685183 2847133183 2830422271 2813513983 2813383167 2830228479 2846941695 2846745855 2846484223 2829709055 2812802303 
2025359359 2058782207 2075230207 2091611647 2141812991 2191949055 2225704191 2259392767 2292883967 2309531647 2376772095 2444078847 2528229119 2595404543 2662513663 2713043711 2763772159 2797591295 2831278591 2864899583 2881611007 2881413631 2881084159 2881019135 2864176127 2847201535 2863980543 2880628479 2880432639 2880104703 2863329535 2846422783 
2092731135 2092466943 2108980479 2125361919 2158653951 2208790271 2259322623 2293011199 2326502399 2343149823 2393614847 2477831423 2561916159 2629091583 2696200703 2746863103 2797591295 2848187903 2865097983 2898718719 2915430399 2932009983 2931680511 2914837759 2914706687 2897731839 2880758271 2897471487 2897275647 2897013503 2896818175 2879977215 
2143325695 2126085375 2142533375 2158914815 2175363071 2242342143 2276097023 2309720319 2343277055 2376834559 2427170047 2511386623 2595471359 2662712319 2729755903 2780550143 2831278591 2865097983 2898850559 2932406015 2949117695 2965697279 2965367807 2948459007 2948393215 2914575871 2897534975 2914182655 2914052607 2913724927 2913463295 2913530367 
2193788159 2176482047 2176019711 2175623935 2191940095 2242141951 2292739839 2326362879 2376829695 2427297279 2477632511 2544875263 2612182783 2696135423 2746533375 2814171135 2864899583 2898718719 2932406015 2949249535 2965961215 2982540799 2982211327 2982013695 2965105407 2948130559 2914246655 2914050303 2930631935 2930370047 2930172927 2930174719 
2227341567 2210035455 2209572607 2226020863 2242402815 2258719231 2292407807 2343006463 2410383103 2477627647 2527963135 2561454847 2628762367 2712715007 2763245055 2830882815 2881611007 2915430399 2949117695 2965961215 2999450111 2999252479 2998923007 2998593791 2981750783 2964776191 2930892287 2913786111 2930367999 2947014399 2946751487 2946686719 
2260894719 2260366335 2293789439 2327015167 2343397119 2343332351 2359912703 2376691967 2444002303 2511180799 2544673023 2594876159 2645144319 2712517375 2779824895 2830685183 2881413631 2932009983 2965697279 2982540799 2999252479 3015832319 3015502591 3015107327 2998264575 2981289727 2947340287 2913390079 2930168575 2946749183 2963263743 2996949247 
2311424255 2344781567 2378205183 2411562495 2428076287 2427879679 2444525567 2427419647 2477754111 2528155391 2578424575 2611850239 2645078527 2712254207 2779627263 2847132927 2881084159 2931680511 2965367807 2982211327 2998923007 3015502591 3015173119 3014777343 2997869055 2980894207 2947010303 2929902591 2946548735 2946417919 2996748799 3030367999 
2378996223 2429328895 2462818303 2479398399 2495846655 2512360447 2512163583 2511900415 2494662399 2545063423 2595332607 2628692735 2661986559 2712056575 2779297791 2829894143 2880622591 2914441727 2948194559 2981815551 2998461695 3015041279 3014777343 2997538559 2997341439 2980366591 2963390975 2929506047 2946151935 2979771135 3013522431 3063984639 
2446699775 2497032959 2530522111 2547102463 2563550463 2579932415 2579735551 2579406591 2562234111 2561773823 2612108799 2645468927 2678696959 2711858943 2762059007 2812589055 2863317503 2913913855 2947601151 2964444927 2981156351 2997736191 2997406719 2997010687 2979970303 2979969791 2963126271 2980036351 3013853695 3047670271 3081289215 3098064639 
2514271999 2547827711 2581317119 2614674431 2631122687 2630727167 2647109631 2630069247 2612896767 2595526911 2611910143 2645335807 2678564095 2711725823 2745150463 2795680511 2846012927 2896476927 2913387007 2947007743 2963719423 2980299007 2980035839 2979772159 2979969791 2963258367 2980234751 3031026943 3081687039 3115437823 3132345343 3165897727 
2564934655 2598490367 2631979775 2665337087 2681785343 2681389823 2697640191 2680599807 2680204543 2646057471 2628621055 2661914623 2678364927 2694947327 2728307711 2778772223 2812392959 2862593279 2896081663 2912991999 2929835775 2946547455 2946415615 2962994687 2963126271 2980234751 3047870463 3098662655 3132611071 3166362111 3200046591 3216756479 
2598688255 2649086975 2682576127 2699156479 2715604479 2731920895 2731393279 2730998527 2713826047 2696521471 2662308095 2695601663 2729027583 2745676287 2762258687 2778840319 2812394751 2845817343 2879173631 2896017663 2896017919 2912795391 2929506303 2929307903 2980036351 3031026943 3098662655 3149454591 3183403263 3217154047 3250838783 3267548415 
2649152767 2682774015 2716197887 2749555199 2766068991 2765607935 2765080575 2764487935 2747315455 2730010879 2712574719 2746132479 2762913279 2779627519 2796144639 2795817727 2829306623 2862729215 2896019711 2912929279 2912929535 2929706239 2946350847 2946151935 3013853695 3081687039 3132611071 3183403263 3234063359 3267814143 3284721663 3318274047 
2682707967 2716263935 2749753087 2766333439 2782781439 2799163391 2798570239 2797911039 2780738303 2763368447 2729419007 2763108863 2796666879 2813381375 2829963775 2829637119 2846086655 2879509247 2896022527 2912931839 2946552063 2963394047 2963261439 2996879103 3047670271 3115437823 3166362111 3217154047 3267814143 3301630719 3335249663 3352025087 
2699354111 2732975359 2766399231 2799756543 2816270335 2815809279 2815282175 2814755071 2797384447 2780146175 2763106303 2796796159 2813577215 2830291455 2846808319 2846481663 2846022911 2879379967 2895958783 2929645055 2946553599 2963330047 3013857023 3047539967 3081289215 3132345343 3200046591 3250838783 3284721663 3335249663 3352157183 3368998911 
2732645375 2749489663 2782979071 2799625215 2832916735 2832587519 2832060671 2831467263 2814096639 2796858623 2779884287 2813574399 2830355199 2847004159 2863586559 2863259903 2862801151 2862406911 2912605951 2929514495 2963200255 3013859071 3047674111 3081357567 3115304703 3166030079 3216822527 3267548415 3318274047 3352025087 3368998911 3402815743 
1365998335 1466727935 1567456511 1668185599 1752401407 1836551423 1903791871 1971032575 2021495807 2071959295 2122423039 2139200255 2172688383 2189267199 2205714175 2205515775 2205185791 2204920319 2204523007 2221101823 2288211967 2372233215 2439806719 2524025343 2574689535 2641999615 2692465919 2726088447 2759513599 2792872447 2809256447 2808796927 
1298294271 1365076223 1465871359 1550285055 1651278591 1718651135 1802669055 1853065983 1920042751 1970373887 2003994111 2037614335 2088010751 2121497855 2138339839 2155049983 2171693567 2188271359 2204850687 2272026623 2339137023 2389404159 2473688831 2541196799 2608704255 2659302399 2709768703 2743325951 2776751103 2810109951 2826559487 2826099711 
1247431935 1297372159 1347904767 1449030143 1533311999 1600684543 1684767999 1768850431 1836023807 1903065087 1953593855 2004122111 2054518783 2104981503 2155312639 2188998399 2205774847 2239196415 2255709183 2322951423 2373284351 2440262911 2473950975 2558367743 2609032447 2676407807 2726874111 2760431359 2793922047 2810438143 2843664895 2843205119 
1230851327 1230326527 1297570303 1364944639 1466134783 1567192831 1651341823 1735424255 1819441663 1903393023 1970897151 2038335231 2105641727 2156038911 2189592319 2223014143 2256567807 2273212415 2289724927 2356966911 2424077311 2474278399 2524809727 2558629631 2626071295 2676669695 2727135999 2760693247 2794118399 2827476991 2843926527 2843467007 
1231379711 1247694591 1281051647 1348427007 1449553151 1567521279 1668645631 1769572351 1853655807 1937606911 2005045247 2072483583 2139789823 2190252543 2223740415 2257161983 2290451711 2307096319 2323608831 2390850559 2457960703 2508161791 2558759167 2592579071 2626201599 2676799487 2727265791 2760823039 2794248191 2827606783 2844056319 2843728895 
1265658111 1282038783 1315329535 1399548159 1483635199 1584891391 1702727423 1786942719 1887803135 1954977279 2039127039 2106565119 2157094399 2207557119 2257822207 2291243775 2324533247 2340913663 2357426175 2407824895 2474935039 2525136383 2575799551 2609619711 2643307519 2676863487 2710486527 2760820735 2777468671 2810827519 2827409151 2844057343 
1299935743 1316250879 1366319359 1450537727 1517847295 1618841343 1719965951 1820892671 1904975871 1988927487 2056299519 2123737855 2191044095 2241506815 2274994687 2308416255 2341705983 2358284287 2374731007 2425063167 2492107519 2542242559 2592773631 2626527999 2660216063 2693772031 2710418943 2727132159 2760623103 2794048255 2810893823 2827542015 
1367570431 1367173631 1400531711 1484617727 1551927295 1619170559 1737006591 1821221887 1922082559 1989520895 2073670143 2140844543 2191307519 2241770239 2292035327 2325456895 2358944511 2375523071 2391969535 2442235903 2509345791 2559481087 2609550079 2643369983 2677058047 2693836799 2710483711 2726998527 2743711743 2760623871 2777469439 2794117631 
1451915775 1468429055 1501786367 1568897535 1636207359 1686673151 1753980927 1838196479 1922543871 2006759423 2074131455 2141371647 2208413951 2258678783 2292232447 2342629119 2359274239 2375918079 2392364543 2442565119 2509609471 2559810047 2609813247 2643302911 2676990975 2693769727 2710416383 2727063295 2727065087 2727067391 2760690431 2760561407 
1536261631 1569618431 1586066431 1653111807 1720420607 1770821119 1804378111 1888857599 1973204991 2023931903 2091238143 2141701119 2208809215 2259007999 2292495359 2326049535 2359537151 2376115711 2392562175 2442762495 2493029375 2560007423 2593233407 2643170047 2676791807 2693570559 2710349567 2727260415 2727262207 2727264255 2727200511 2727004671 
1637319167 1653898495 1670280447 1737325311 1804436479 1854902783 1888723711 1956229631 2023799807 2091238143 2141832959 2192230143 2242561023 2275982847 2292560895 2326180607 2359668223 2376246783 2409669375 2459869439 2493160191 2543295487 2593363967 2626458111 2659815679 2676594431 2693571583 2710482687 2727393791 2727462143 2744175615 2743979775 
1721467391 1738046719 1754428671 1804629759 1871609087 1922339327 1972937727 2006692351 2074262783 2141701119 2192230143 2242693119 2293023999 2326445567 2342958079 2376511487 2376444671 2409999359 2443488511 2476911103 2510201855 2526583551 2559742975 2609745919 2643433983 2660212735 2676991743 2693968895 2727591679 2727593983 2744241407 2744309503 
1788772095 1822129151 1838642687 1872000511 1939045375 1989644031 2023464959 2073997055 2107750655 2175254783 2242561023 2293023999 2326577407 2359999231 2393288703 2409933055 2443619583 2494018047 2527507199 2544152575 2560666111 2577047807 2576652031 2576718847 2610406655 2627185663 2660676351 2694364927 2711276287 2727990271 2727860223 2744638463 
1856539135 1889896191 1906409727 1939635455 1989903103 2040105215 2090703359 2124392447 2158015231 2208676351 2275982847 2326445567 2359999231 2393420799 2426710527 2476976127 2527506431 2561192959 2594682111 2611393791 2628105471 2644685055 2644421887 2644488191 2627579903 2644424703 2661204479 2677917695 2694763519 2711542783 2728321279 2744967679 
1924174335 1957531391 1974044927 1990426623 2040694527 2090830335 2141362687 2174985983 2208542463 2242163967 2292627199 2343023871 2393288703 2426710527 2477042175 2527506175 2577970431 2628632575 2662319615 2679163391 2695809535 2712389119 2712125439 2712126207 2695283455 2695152639 2711997951 2711933951 2728515583 2728648959 2745427199 2728519679 
1974900223 2008257279 2024770815 2041152255 2091288319 2141489919 2175245055 2208868095 2242424831 2259006719 2326312703 2376709375 2410196991 2477306111 2527572223 2594879743 2645608191 2679427327 2713180159 2729958143 2763447039 2763249407 2762919935 2762920447 2746077695 2729037311 2745816575 2762529791 2779242239 2779177471 2795956223 2795957503 
2025494271 2058851327 2075364863 2074969087 2125038335 2175240191 2208995071 2242618367 2276175103 2292822527 2326311935 2376643071 2443884031 2527902207 2578168575 2645608191 2679559167 2730155775 2763908607 2780686591 2797398271 2813977855 2813648383 2813582847 2796740095 2779699711 2779568895 2796413183 2813125631 2829706239 2829707519 2829709311 
